	Tax.richness	MGE.nearARG.percell	ARG.percell	ARG.PC1	Efflux	Inactivation	Target.alteration	Air_temperature_of_sampling_month	pH	FM	Population	DO	Sludge_Age	BOD.removal.percentage	COD.removal.percentage	NH4.Nremoval.percentage	TNremoval.percentage	TPremoval.percentage
CNXA4C	1225	0.273757437	4.734694591	-0.112819519	0.726173711	2.468981342	1.343094999	29.11	7.5	0.035010697	8580800	0.9	16	0.91	0.93	0.964285714	0.776470588	0.742857143
CNXM1C	1180	0.159721122	3.465611942	-0.125945623	0.485976956	1.835942486	0.996731912	29.39	7.04	0.0289	3715900	1.03	10	0.941176471	0.92	0.875	0.74	0.727272727
CNXM3C	1105	0.338843929	3.569202965	-0.075733313	0.405246424	2.008028956	1.067487152	29.39	7.1	0.229453593	3715900	1.37	15	0.894117647	0.908333333	0.96	0.757142857	0.87
USAK1D3	658	0.037318269	2.039405909	-0.062512949	0.294780415	1.190492119	0.507652152	8	6.7	0.759617093	110293.5198	10.6	22	0.8625	NA	0.324074074	NA	NA
CNXM4C	1168	0.146738777	3.6461831	-0.098112098	0.539808651	2.115659497	0.843628533	29.39	7.09	0.19296741	3715900	1.98	16.5	0.905714286	0.9	0.938461538	0.6875	0.52
USAK2D	645	0.042847317	2.047205401	-0.09445798	0.31407998	1.178749424	0.506005301	8	6.8	0.748202082	110293.5198	10.1	22	0.8625	NA	0.324074074	NA	NA
COCL1B	818	0.485198249	4.396556379	0.024840647	0.856475376	2.216580476	1.178604135	29	6.89	NA	4613684	2.52	90	0.975868726	0.975342466	NA	NA	NA
AUBR2A	1107	0.015958195	2.953898539	0.047029914	0.477731345	1.516884618	0.931112788	24	6.8	0.119609349	2294900	0.25	21	0.98470948	0.972375691	0.946226415	0.929850746	0.9
AUBR2B	1164	0.01650359	3.001720495	0.055517622	0.398425761	1.399177997	1.159963184	24	6.8	0.119609349	2294900	1.4	21	0.98470948	0.972375691	0.946226415	0.929850746	0.9
AUBR2C	1217	0.053310165	3.987592848	0.025564507	0.64527829	1.893560827	1.396780393	24	6.8	0.119609349	2294900	0.3	21	0.98470948	0.972375691	0.946226415	0.929850746	0.9
AUCR2A	990	0.033665598	3.002393692	0.050194784	0.540340021	1.625248988	0.810560519	27	6.7	0.490552326	158835	1.34	16	0.993333333	NA	0.997142857	0.9375	0.985507246
AUCR2B	953	0.045446507	2.964848142	-0.10766528	0.413646099	1.860262257	0.632461319	27	6.7	0.490552326	158835	1.34	16	0.993333333	NA	0.997142857	0.9375	0.985507246
AUEP2AB	1230	0.00920782	3.386821565	0.06136725	0.326578239	1.998134784	1.042559311	23	7.5	NA	1309700	1.75	15	0.98	0.587628866	0.985294118	0.836363636	NA
AUEP2AC	1216	0.011443259	3.531293684	0.065570841	0.34280107	2.06611787	1.107036412	23	7.5	NA	1309700	1.75	15	0.98	0.587628866	0.985294118	0.836363636	NA
AUEP2BC	1105	0.126555132	3.592863228	0.036782248	0.567022613	1.818910882	1.135022729	23	7.5	NA	1309700	1.75	15	0.98	0.587628866	0.985294118	0.836363636	NA
AUXP4AA	1330	0.060599357	4.689721856	0.087604952	0.82376408	2.517396607	1.2868963	22	7.2	0.013539627	4820700	1.5	25	0.988235294	NA	0.999456522	0.897473684	0.996969697
AUXP4AB	1640	0.032726048	4.639541659	0.071447431	0.827650371	2.473511817	1.271113671	22	7.2	0.013539627	4820700	1.5	25	0.988235294	NA	0.999456522	0.897473684	0.996969697
AUXP4AC	616	0.063624314	1.976510363	-0.0328663	0.006204231	1.723050962	0.189111415	22	7.2	0.013539627	4820700	1.5	25	0.988235294	NA	0.999456522	0.897473684	0.996969697
BRBH1C	1042	0.091295371	3.677415169	-0.091027665	0.467336608	1.937065089	1.175772747	27	7.4	NA	5595800	1.2	6	0.860714286	0.813242784	0.542277691	0.588845117	0.491603053
BRBH3C	1051	0.205368411	4.196783254	-0.087917193	0.64661458	2.117533381	1.277010311	27	7.4	NA	5595800	1.7	6	0.860714286	0.813242784	0.542277691	0.588845117	0.491603053
BRBH4C	1061	0.231625206	3.899172739	-0.111383104	0.604657885	1.894578881	1.193372324	27	7.2	NA	5595800	0.31	6	0.860714286	0.813242784	0.542277691	0.588845117	0.491603053
BROS2C	726	0.088739773	2.271466149	-0.080215582	0.008465778	1.935104246	0.257514192	26	8.96	NA	3904600	9.7	28	0.959703643	0.867528271	NA	NA	NA
BROS2D	841	0.131792738	2.130040323	-0.049531044	0.021888743	1.788218438	0.240875646	26	8.96	NA	3904600	9.7	28	0.959703643	0.867528271	NA	NA	NA
BROS3B	1248	0.043501417	4.171580774	0.082446512	0.720120158	2.340441927	1.063134718	26	9.11	NA	3904600	6.2	28	0.959703643	0.867528271	NA	NA	NA
BRRP1A	1174	0.130342232	3.75264315	-0.102199148	0.552534533	1.993352675	1.047769812	25	7	NA	20847500	0.62	NA	0.947916667	0.93097561	0.344680851	0.337704918	0.914893617
BRRP2B	1158	0.219676106	3.984320651	-0.108328507	0.642636798	2.051905281	1.123515121	25	7	NA	20847500	0.64	NA	0.947916667	0.93097561	0.344680851	0.337704918	0.914893617
BRRP3A	1148	0.178690426	3.6511247	-0.122257104	0.50632718	2.073343191	0.877234719	25	7	NA	20847500	1.15	NA	0.947916667	0.93097561	0.344680851	0.337704918	0.914893617
CAON1C	1119	0.009151197	3.41470966	0.070585111	0.489700527	2.238540988	0.669459235	18	7.12	0.636626981	6036800	2.69	7.6	0.989473684	0.935344828	0.997156398	0.966666667	0.975510204
CAON2C	1012	0.026996363	3.251366924	0.061965977	0.448125753	2.073985313	0.711063974	19	7.28	0.2357	6036800	2.57	7.6	0.989473684	0.935344828	0.997156398	0.966666667	0.975510204
CAON4AC	1002	0.145230797	2.605240188	-0.127039667	0.280598349	1.796525233	0.462582016	21	7.56	0.686464996	6036800	1.7	2	NA	0.945454545	NA	NA	NA
CAON4BC	1015	0.09657488	3.118969228	-0.075235585	0.33883645	2.119829166	0.598581229	21	7.38	0.580019474	6036800	3.32	2	NA	0.945454545	NA	NA	NA
CHBU1A	1114	0.137826746	4.200038806	0.154622104	0.65451073	2.289571685	1.182134151	13	7.4	NA	1924700	2	19	0.998903509	0.793129771	0.99610687	NA	0.918617021
CHBU1B	1085	0.049092265	4.530052329	0.12356078	0.693537865	2.402181892	1.339374225	13	7.4	NA	1924700	2	19	0.998903509	0.793129771	0.99610687	NA	0.918617021
CHBU1C	1091	0.086883875	4.166194648	0.153650576	0.677489767	2.270659439	1.143667584	13	7.4	NA	1924700	2	19	0.998903509	0.793129771	0.99610687	NA	0.918617021
CLVPM1	1017	0.055251568	2.794288526	-0.09059458	0.406517248	1.671676101	0.658225981	22	7.71	0.858250798	7164400	0.57	1.93	0.98989899	0.90960452	NA	0.493333333	0.673333333
CLVPM2	915	0.032788688	2.756692975	-0.085244187	0.395511458	1.647548236	0.657442865	22	7.71	0.858250798	7164400	1.89	1.93	0.98989899	0.90960452	NA	0.493333333	0.673333333
CLVPM3	959	0.031273061	2.7759458	-0.076196851	0.408030994	1.63565263	0.682830316	22	7.71	0.858250798	7164400	0.59	1.93	0.98989899	0.90960452	NA	0.493333333	0.673333333
CLVPT1	772	0.042186805	2.424851326	-0.08103142	0.241243744	1.78284249	0.367939665	22	7.71	0.891260444	7164400	0.21	1.93	0.98989899	0.90960452	NA	0.493333333	0.673333333
CLVPT2	946	0.047086745	2.858368865	-0.084106772	0.399110989	1.790915483	0.615139891	22	7.71	0.891260444	7164400	1.97	1.93	0.98989899	0.90960452	NA	0.493333333	0.673333333
CLVPT3	1217	0.071922094	3.636471916	0.084423609	0.594593736	2.017780446	0.969923562	22	7.71	0.891260444	7164400	1.76	1.93	0.98989899	0.90960452	NA	0.493333333	0.673333333
CNBJ3C	1033	0.148597309	4.722129458	-0.015010407	0.81996419	2.48773284	1.191174671	28.1	7.17	0.333493566	21639100	6.28	5	0.948571429	0.934444444	NA	NA	NA
CNBJ4C	1341	0.180698823	4.087084001	-0.127905298	0.55472375	2.178784613	1.200170945	28.1	7.04	0.327462168	21639100	3.92	12.3	0.977272727	0.933333333	NA	NA	NA
CNBJ6BC	1154	0.233459726	5.171106082	-0.097461178	0.873956691	2.843623405	1.255374391	28.1	7.24	0.12779618	21639100	6.66	10	0.995	0.942857143	0.991666667	0.6	0.815384615
CNCD1C	1198	0.148505312	4.608848648	-0.077721708	0.579177147	2.581601531	1.333683476	25.32	6.99	0.079138968	14219700	4.8	16	0.9	0.9	0.714285714	0.5	0.666666667
CNCD2C	1245	0.285448132	4.69410199	-0.097275799	0.631503253	2.314088004	1.589107297	25.32	7.19	0.088731145	14219700	0.5	18	0.95	0.925	0.833333333	0.75	0.875
CNCD3C	1270	0.212195764	4.434381723	-0.093427528	0.767895117	2.366158126	1.111051129	25.32	6.88	0.006771369	14219700	2.12	26	0.837837838	0.913333333	0.75	0.5	0.854166667
CNCD4C	1372	0.158737298	4.366535885	-0.122939853	0.728230804	2.231742316	1.217234604	25.32	6.93	0.19047817	14219700	6.8	13	0.955388889	0.953428571	0.9	0.666666667	0.925
CNCQ1C	1256	0.169383885	4.349881258	-0.048728827	0.634969508	2.294267239	1.25404485	29.72	7.5	0.115067275	30009800	1.2	20	0.959375	0.942222222	0.9875	0.555555556	0.928125
CNCQ2C	1302	0.159886044	3.984400879	-0.068074516	0.662298458	2.211021492	0.976977267	29.72	6.82	0.07745797	30009800	0.12	21	0.909090909	0.903225806	0.916666667	0.625	0.92
CNCQ4C	1146	0.348373041	4.512705779	-0.125324922	0.76351921	2.323880664	1.19215281	29.72	7	0.127248049	30009800	3.02	NA	0.971666667	0.917857143	0.991304348	0.625	0.937142857
CNDL1AC	1122	0.209682056	3.05726549	-0.078287616	0.48390413	1.983681311	0.432058281	24.28	7.5	0.013473593	5922400	5.8	30	0.975	0.875	NA	NA	NA
CNDL1BC	1127	0.197648775	3.102501228	-0.106161171	0.497735056	2.014701863	0.412851424	24.28	6.49	0.018972091	5922400	5.3	30	0.975	0.875	NA	NA	NA
CNDL2AC	850	0.328905754	5.268868767	-0.208596011	0.930839647	2.637948702	1.225520572	24.28	6.66	NA	5922400	1.51	20	0.95625	0.932352941	NA	NA	NA
CNDL2BC	914	0.327895151	4.515076303	-0.209664385	0.750112146	2.320962405	1.053132903	24.28	7.28	NA	5922400	3.4	20	0.95625	0.932352941	NA	NA	NA
CNHB3C	1161	0.231592665	5.298208516	-0.091100944	0.977934347	2.849234859	1.31569596	23.11	6.96	0.050587585	9943000	0.15	NA	NA	NA	NA	NA	NA
CNHB4B	1144	0.086644862	5.23286708	-0.107762149	0.932589035	2.80449681	1.325860775	23.11	6.96	0.050587585	9943000	0.29	NA	NA	NA	NA	NA	NA
CNHB4C	1207	0.174537308	4.894188914	-0.091716315	0.905993656	2.506058248	1.31480258	23.11	6.96	0.050587585	9943000	0.15	NA	NA	NA	NA	NA	NA
CNJN1C	1154	0.332358433	4.861161544	-0.211698368	0.64379864	2.908342495	1.0095862	27.22	7.02	0.087338821	7020100	1.9	13	0.976793623	0.947647059	0.958333333	0.866666667	0.9375
CNJN2C	1094	0.143481802	4.841458325	-0.095818713	0.958386622	2.398665289	1.355203262	27.22	7.25	0.089715013	7020100	1.29	12	0.97037037	0.9125	0.922222222	0.711111111	0.935714286
CNJN3C	1024	0.219689314	5.021200644	-0.064648108	0.846240214	2.762922784	1.273724887	27.22	7.08	0.05734213	7020100	4.33	12.9	0.888888889	0.83255814	0.946666667	0.741176471	0.9
CNJN4C	1130	0.124900701	4.028384099	-0.055310968	0.750713448	2.160130467	0.967768109	27.22	7.42	0.03646198	7020100	8.03	12.9	0.964285714	0.914705882	0.985	0.530612245	0.9
CNQD1C	1280	0.279670735	3.973960586	-0.137968947	0.621485863	2.089166419	1.047315844	24.28	6.83	NA	8964000	4.25	15	0.978333333	0.953846154	0.977777778	0.833333333	0.966666667
CNQD2C	1244	0.225690658	3.884410517	-0.14713857	0.704940185	2.127314328	0.814122881	24.28	6.88	0.023967657	8964000	1.23	20	0.95	0.890625	0.938095238	0.711111111	0.94
CNSH1C	1268	0.269834693	4.284134293	-0.136270167	0.654639546	2.355148239	1.020589888	27.39	7.07	0.573764688	24683400	NA	9	0.944864865	0.915584416	0.9325	0.784615385	0.833333333
CNSH2C	1282	0.22979762	4.156828762	-0.13738833	0.562492962	2.48645161	0.907237658	27.39	7.1	0.284536892	24683400	1.5	13.4	0.94	0.890625	0.64	NA	0.928
CNSH3C	1124	0.313183177	4.243685765	-0.17323506	0.525793156	2.543159009	0.975268634	27.39	6.93	0.58192385	24683400	2	NA	0.5	0.913607595	0.877075099	0.665714286	0.925
CNSH4C	1193	0.348867314	4.209341597	-0.164254192	0.530683329	2.522733105	0.923577011	27.39	6.99	NA	24683400	2	10	0.602122016	0.765625	0.947927928	0.851428571	0.954166667
CNSH5C	1011	0.222452213	3.786941929	-0.071679862	0.559306358	2.221936529	0.843820937	27.39	7.11	NA	24683400	1.93	10	0.928	0.920454545	0.953271028	0.690909091	0.93
CNSY3A	1208	0.021891114	2.768836514	-0.093854042	0.429792966	1.41122961	0.850423624	28.33	6.98	0.016025641	732000	3.25	14	0.984222222	0.933333333	0.9784	0.831	0.9825
CNSY3B	1200	0.055876521	2.659689178	-0.093247793	0.435682125	1.335523623	0.810912727	28.33	7.51	0.016025641	732000	4.78	14	0.984222222	0.933333333	0.9784	0.831	0.9825
CNSY3C	1277	0.100411364	2.237677145	-0.121159547	0.365958837	1.151255579	0.643951172	28.33	7.45	0.016025641	732000	4.54	14	0.984222222	0.933333333	0.9784	0.831	0.9825
CNSZ1C	1180	0.075625233	4.299329692	-0.058599853	0.776107802	2.218959952	1.231928429	29.61	6.67	NA	10768400	7.62	12.5	0.95	0.914285714	0.966666667	0.772727273	0.977777778
CNSZ2C	1081	0.058376731	3.94804227	-0.116792273	0.592386691	2.187483166	1.098484403	29.61	6.53	0.106913756	10768400	6.45	15	0.966666667	0.916666667	0.9575	0.520833333	0.825
CNSZ3AB	1425	0.070560809	3.082508505	-0.07879292	0.551020961	1.60150245	0.867933222	29.61	7.86	0.418956642	10768400	3.26	13	0.986956522	0.9675	0.925925926	0.720930233	0.95
CNSZ3AC	1289	0.073734556	3.278000744	-0.073719607	0.635537558	1.690475613	0.882451114	29.61	6.34	0.418956642	10768400	3.32	13	0.986956522	0.9675	0.925925926	0.720930233	0.95
CNSZ4AC	1233	0.066650845	4.006548946	-0.058781579	0.807572389	1.939951857	1.179091725	29.61	6.38	0.80426229	10768400	2.91	12	0.8	0.815384615	0.9	0.666666667	0.6
CNWH1C	1314	0.077838186	2.865850809	-0.078733909	0.491302304	1.591623945	0.707802461	27.72	7.1	NA	10189700	2.4	13.5	NA	0.857142857	0.978787879	0.525	0.75
CNWH2C	1240	0.168141502	4.029492344	-0.182063558	0.39921467	2.466980685	0.989903928	27.72	7.23	NA	10189700	0.9	7	NA	0.848484848	0.222222222	0.12195122	0.966666667
CNWH4C	1673	0.183704202	3.402249009	-0.141384099	0.583083585	1.680045315	0.96342422	27.72	7.09	NA	10189700	5.9	12	NA	0.8	0.8	0.82	0.9
CNWX1AC	1181	0.123872971	4.571281052	-0.073008637	0.861537908	2.548355385	1.021327128	24.44	6.99	0.408189531	4724300	1.69	20.5	0.941176471	0.92	0.875	0.74	0.727272727
CNWX2C	1171	0.328078146	3.607289418	-0.082718595	0.631269427	2.009544428	0.817679431	24.44	7.1	0.019267823	4724300	0.26	20.5	0.98	0.901818182	0.981818182	0.714285714	0.846153846
CNWX3AC	1141	0.223614081	4.344794043	-0.028645909	0.713865093	2.524586295	0.89272701	24.44	7.27	0.011475689	4724300	9.12	16.6	0.98	0.901818182	0.981818182	0.714285714	0.846153846
CNWX3BC	1134	0.490536206	4.448769968	-0.047522269	0.710822238	2.750470988	0.680219806	24.44	7.2	0.120436105	4724300	8.2	12.5	0.991666667	0.952727273	0.988333333	0.841463415	0.98
CNWX4C	1189	0.198683756	2.797536422	-0.097725052	0.473937438	1.639690031	0.590679941	24.44	7.15	0.026684428	4724300	3.36	18.42	0.96	0.878431373	0.916	0.76	0.98625
CNXA1C	1264	0.180625982	4.221960332	-0.173215004	0.623841203	2.283382678	1.133685352	29.11	7.19	0.349863154	8580800	0.69	22	0.96	0.956	0.9828	0.814285714	0.984615385
CNXA2C	1153	0.273075911	4.72867387	-0.126164874	0.798950335	2.297431427	1.458332779	29.11	7.16	0.170126716	8580800	0.58	13.7	0.95	0.95	0.852941176	0.711111111	0.725
CNXA3C	1201	0.234480903	4.261350308	-0.119259314	0.662676935	2.1529347	1.307067707	29.11	7.09	0.21614592	8580800	0.35	15.64	0.95	0.95	0.974358974	0.846153846	0.823529412
CNXM2C	1075	0.35788896	4.239865118	-0.076641661	0.583415739	2.728732824	0.690748444	29.39	6.83	0.060587293	3715900	5.25	20	0.986666667	0.9125	0.92	0.457142857	0.7
COCL2B	649	0.55409318	3.329260895	0.021394725	0.539659332	0.968725862	1.073384049	29	8	NA	4613684	0.1	NA	NA	NA	NA	NA	NA
COCL3C	869	0.578733998	5.04337821	-0.003280089	0.993287995	2.542232552	1.332328068	29	NA	NA	4613684	NA	NA	NA	NA	NA	NA	NA
DEHE1C	1162	0.083902256	3.196401293	0.083854742	0.445285556	1.681096003	1.032100993	18	6.75	0.149126448	3081900	0.7	10	0.981132075	0.947807933	0.994029851	0.654545455	0.87755102
DEKS1A	1229	0.040893159	2.990226962	0.068588233	0.490690971	1.593805382	0.866487878	19	6.9	0.102040816	1316700	2	10	0.99	0.958333333	0.976470588	0.815384615	0.875
DEKS1B	1205	0.123936654	3.069727319	0.058160488	0.474407692	1.631009907	0.923846642	19	6.9	0.102040816	1316700	2	10	0.99	0.958333333	0.976470588	0.815384615	0.875
DEKS1C	1205	0.093571464	3.08092241	0.042774024	0.502095717	1.648408806	0.893091465	19	6.9	0.102040816	1316700	2	10	0.99	0.958333333	0.976470588	0.815384615	0.875
DERA1C	1593	0.05573194	3.497322809	0.016759237	0.531078457	1.947384898	0.984537387	18	7.4	0.086983696	3081900	2	22	0.986666667	0.960526316	NA	0.927007299	0.959183673
ITLF2A	796	0.103935428	2.747865441	0.032145218	0.401030354	1.655919463	0.642981976	11	NA	0.049345955	NA	2.8	20	0.968085106	0.877622378	0.97972973	0.735148515	0.558823529
ITLF2B	1196	0.029746575	3.928884311	0.111429104	0.638697038	2.230539691	1.019915209	11	NA	0.049345955	NA	2.8	20	0.968085106	0.877622378	0.97972973	0.735148515	0.558823529
ITLF2C	1171	0.009504889	3.990281741	0.094253324	0.671053507	2.232670379	1.039100213	11	NA	0.049345955	NA	2.8	20	0.968085106	0.877622378	0.97972973	0.735148515	0.558823529
ITMC3C	1154	0.038534916	4.048782679	0.081542852	0.659697646	2.289114952	1.048609525	11	NA	0.086097683	826100	4.6	14	0.936507937	0.793103448	0.959798995	0.684563758	0.696774194
ITRB1C	1028	0.39268389	5.172407767	0.057590438	0.802314787	3.004298022	1.299234897	11	NA	0.029002252	826100	3.3	25	0.981818182	0.925233645	0.993220339	0.765550239	0.764705882
NZBL2	1295	0.09557773	2.584040113	-0.073339397	0.410290227	1.422285207	0.71829414	NA	NA	NA	1558900	NA	NA	NA	NA	NA	NA	NA
NZDM2	1356	0.038534829	4.43822846	0.142411265	0.661122974	2.128645937	1.618748479	NA	NA	NA	1558900	NA	NA	NA	NA	NA	NA	NA
NZOX2	1321	0.123547198	4.552641093	0.046046441	0.819329136	2.303260051	1.329376381	NA	NA	NA	1558900	NA	NA	NA	NA	NA	NA	NA
SADP3	1296	0.205209305	3.977424505	-0.07107113	0.468328901	2.518693911	0.867149736	17	6.98	NA	2991600	0.95	11	NA	0.902313625	0.818181818	NA	0.96
SAKB3	1109	0.207989014	3.505258687	-0.059452903	0.607762745	1.93516829	0.854907043	18	7.35	0.097134643	3796000	1.24	28	0.961310782	0.944045911	1	NA	0.88372093
SAKB5	1105	0.144122601	3.445493413	-0.047852707	0.59057709	1.882362382	0.870823182	18	7.35	0.097134643	3796000	1.1	28	0.961310782	0.944045911	1	NA	0.88372093
SAKB6	1067	0	2.526877763	0.079822923	0.438245353	1.375784306	0.708186742	18	7.35	0.097134643	3796000	1.1	28	0.961310782	0.944045911	1	NA	0.88372093
SAKR2	1475	0.113013097	3.709925955	-0.019092285	0.637359802	2.079758893	0.880991968	18	7.2	NA	4178700	1.1	12	NA	0.930955866	0.914820847	NA	0.833333333
SAZK3	1343	0.182188776	3.844470126	0.01076232	0.531370724	2.271048746	0.919844827	17	7.2	NA	2991600	0.97	20	NA	0.935483871	0.973913043	0.963157895	0.96
SEGL1C	1184	0.076183139	5.109990371	0.077867548	0.787616867	2.839007906	1.405514104	NA	NA	0.252322034	992000	2.9	20	0.996052632	NA	0.9953125	0.869230769	0.975
SEGL2C	1125	0.074682557	3.440594646	0.10580849	0.5287482	1.929776801	0.943452598	NA	NA	0.24404918	992000	3.3	20	0.996052632	NA	0.9953125	0.869230769	0.975
SESD1C	1125	0.093392079	3.769757239	0.127615584	0.606287452	1.996435592	1.127788879	16	7.6	0.242883296	992000	1	20.7	0.979792746	NA	0.965189873	0.91509434	0.971014493
SESD2C	1200	0.022637306	3.773169182	0.107794699	0.595747786	2.175234084	0.974226598	16	7.6	0.25147008	992000	2.5	20.7	0.979792746	NA	0.965189873	0.91509434	0.971014493
SESD3C	960	0.122769151	3.711975474	0.129837904	0.592334183	2.19560116	0.88955186	16	7.67	0.248955379	992000	5.64	NA	0.979792746	NA	0.965189873	0.91509434	0.971014493
SEUL1C	1019	0.050782601	3.451540148	0.12696697	0.565493258	1.984060257	0.869890996	NA	6.3	0.062665263	992000	1.83	18	0.987804878	NA	NA	0.735820896	0.959139785
SEVS1C	1006	0.41007804	3.811986742	0.116623914	0.59304733	2.186586496	1.003465732	NA	7.2	0.263398693	992000	1.9	5.5	0.964615385	NA	NA	0.366666667	0.923809524
SGEA1C	1224	0.126605514	3.766137419	-0.043336003	0.52194605	1.967820961	1.212477344	28	6.5	0.2765	5472700	1.8	5	0.96	0.92	0.9375	0.880952381	0.5
SGJR1C	973	0.142771613	3.459410998	0.002746128	0.681627273	1.991866901	0.717846761	28	7	0.11571213	5472700	1.5	13	0.95379538	0.93980344	NA	NA	NA
SGWE1C	1343	0.210106008	3.300166808	-0.051863121	0.54244636	1.788844111	0.882463491	28	6.2	0.31759042	5472700	NA	5	0.960629921	0.924528302	NA	NA	NA
TWKS2B	1247	0.038541438	3.410806524	0.016925468	0.456876618	1.990228513	0.923288162	30.3	7	0.002113271	2803700	2.5	13	0.666666667	0.736	NA	NA	NA
TWKS2C	1136	0.068826515	2.033827798	-0.045484522	0.160324553	1.130504799	0.696926715	30.3	7	0.002113271	2803700	2.5	13	0.666666667	0.736	NA	NA	NA
TWTN1C	1149	0.102509989	2.432818803	-0.041942467	0.200271854	1.317940926	0.864834646	30.4	7.6	0.077106884	1899700	1.69	7	0.908224076	0.842010772	NA	NA	NA
TWTN2C	1078	0.150005649	3.013446088	-0.006078516	0.483943781	1.505606586	0.955188003	30.4	7.2	0.692307692	1899700	6.5	NA	0.933333333	0.7	NA	NA	NA
USAG1C	1125	0.095125471	2.955222681	-0.043980995	0.515286639	1.486927344	0.884143835	NA	6.18	0.095454545	638494.7009	0.98	16	0.988530612	NA	0.988207547	NA	NA
USAG2C	1070	0.055645687	3.484326314	0.053239561	0.476399196	2.113128822	0.84215325	NA	6.18	0.095454545	638494.7009	0.5	16	0.988530612	NA	0.988207547	NA	NA
USAG3C	1065	0.025661522	3.509343601	0.044978036	0.453849425	2.113735595	0.875712888	NA	6.18	0.095454545	638494.7009	0.5	16	0.988530612	NA	0.988207547	NA	NA
USAG4C	1209	0.064363038	3.337730092	0.058047267	0.679418782	1.655783722	0.942248156	NA	6.14	0.093061535	638494.7009	0.59	16	0.988530612	NA	0.988207547	NA	NA
USAK1D1	623	0.03575069	2.050468766	-0.057286859	0.284184228	1.204335671	0.513049142	8	6.7	0.759617093	110293.5198	10.6	22	0.8625	NA	0.324074074	NA	NA
USAK1D2	681	0.037089842	2.064407506	-0.088797071	0.298152	1.194422579	0.521825636	8	6.7	0.759617093	110293.5198	10.6	22	0.8625	NA	0.324074074	NA	NA
USAT01C	1194	0.042829939	3.439565954	0.018190233	0.491512439	1.844809509	1.016816211	25	7.07	0.029264069	5596349	1	20	0.988636364	NA	NA	NA	NA
USAT02C	1111	0.061173816	4.720430591	0.041122232	0.653039587	2.753496038	1.268844942	26	6.96	0.185231272	5596349	1.3	21	0.986666667	NA	0.978888889	NA	0.98875
USAT03C	994	0.078766875	3.603575614	0.030977195	0.668240022	1.631108841	1.248015027	26	6.85	0.616539424	5596349	0.85	15	0.994265233	NA	NA	NA	NA
USAT04C	1196	0.096843193	3.180055992	0.023463353	0.528696184	1.772169429	0.78526767	26	6.29	0.036752137	5596349	2.44	30	0.973837209	NA	NA	NA	NA
USAT10C	1181	0.110211347	3.249199875	0.061711467	0.654752691	1.601555442	0.927051997	25	7.12	0.080039595	5596349	6.57	2	0.990243902	NA	0.991460055	NA	0.993428258
USAT12C	1183	0.071198664	3.236731237	0.070170781	0.679693275	1.553103084	0.940787448	26	6.5	0.032787785	5596349	5.4	29	0.985714286	NA	NA	NA	0.883673469
USBT1C	1171	0.067523711	2.859054896	0.049235212	0.582357333	1.358057322	0.856749512	21	7	0.637318962	1217378	2.7	NA	0.98989899	NA	NA	NA	0.85
USBT2C	1188	0.083143347	3.359850528	0.071654205	0.718538367	1.636597781	0.944346695	21	6.76	0.584615385	1217378	2.44	25.6	0.981981982	0.941601563	NA	NA	0.800387597
USBT5C	1168	0.071999947	3.420773202	0.03795774	0.588720389	1.88402235	0.902853105	19	6.67	0.382013853	1217378	2	17.2	0.98346856	NA	0.997183099	0.73164557	0.974806202
USBT6C	1128	0.052218621	3.855998204	0.066738185	0.554511461	2.251998243	0.988904285	19	6.67	0.382013853	1217378	2	17.2	0.98346856	NA	0.997183099	0.73164557	0.974806202
USCB1AC	1107	0.096619901	3.984327311	0.02776934	0.721397061	1.757870006	1.443557782	25	7.1	0.268493235	188712.522	2	12	0.972696246	0.939226519	0.978333333	NA	NA
USCB1BC	1185	0.157874186	3.487615577	0.038221901	0.581977287	1.952916435	0.871544775	25	7.1	0.268493235	188712.522	2	12	0.972696246	0.939226519	0.978333333	NA	NA
USCB1CC	1112	0.09673327	3.740350022	0.00568636	0.65937688	2.082205333	0.90827331	25	7.1	0.268493235	188712.522	2	12	0.972696246	0.939226519	0.978333333	NA	NA
USCB1DC	1145	0.119530774	4.564169493	0.083745905	0.948483043	2.471253347	1.041233314	25	7.1	0.268493235	188712.522	2	12	0.972696246	0.939226519	0.978333333	NA	NA
USCG1C	1152	0.090422834	3.156436035	0.143149802	0.554547426	1.809393239	0.762375984	23	7.3	0.218077475	9568133	2.81	11	0.989583333	NA	0.994009217	NA	0.381818182
USCG2C	1142	0.190460575	3.805846391	0.076521207	0.629555204	2.235533754	0.870630483	24	7.2	0.193846154	9568133	7.76	4.4	0.973214286	NA	0.895652174	NA	NA
USCG3C	1041	0.064328098	4.310528141	0.09072651	0.702410966	2.442773134	1.11909286	24	7.4	NA	9568133	3.6	8	0.985507246	NA	0.982580645	0.602649007	NA
USCG4AC	1107	0.071138057	3.933514775	0.094445205	0.590914536	2.279394977	1.009108071	23	7.8	0.208835401	9568133	4.8	5.3	0.984810127	NA	0.993251534	0.498316498	0.57254902
USCG4BC	1105	0.027027254	3.315108172	0.009252867	0.521070882	1.953765221	0.770526221	23	7.8	0.249562305	9568133	5.4	18.6	0.984810127	NA	0.993251534	0.498316498	0.57254902
USCG5C	1058	0.076099702	3.474689438	0.026596109	0.543417857	2.079705199	0.78114802	23	7.19	NA	9568133	6.8	11	0.961165049	NA	0.9808	0.929906542	NA
USDA2C	1138	0.023117326	4.140834116	0.007655443	0.708778045	2.264660685	1.06912752	28	7.2	0.1952	6937652	4.9	6.5	0.992786885	0.946308725	0.995564516	NA	NA
USDA2G	1062	0.118886732	4.005785117	0.011848193	0.706672586	2.154671932	1.061660229	28	7.2	0.1952	6937652	4.9	6.5	0.992786885	0.946308725	0.995564516	NA	NA
USDA2J	1107	0.102998532	4.795593778	0.108592199	0.898040552	2.680060015	1.171319564	28	7.2	0.1952	6937652	4.9	6.5	0.992786885	0.946308725	0.995564516	NA	NA
USDC1C	987	0.119545536	2.930837872	-0.026211046	0.466508034	1.613918199	0.756564807	23	7.53	0.212477172	6056296	0.83	2.5	0.991894396	NA	NA	NA	0.98816568
USDC2C	1110	0.054239823	3.558198261	0.082031904	0.624793963	1.966017772	0.938233742	23	7.53	0.183346341	6056296	0.73	2.5	0.991894396	NA	NA	NA	0.98816568
USDC4C	880	0.100494531	2.749167844	-0.039871991	0.385665847	1.526335604	0.712365876	23	7.53	0.206832855	6056296	NA	2.5	0.991894396	NA	NA	NA	0.98816568
USFT1C	1157	0.069198581	3.996702717	0.073026494	0.782766445	1.983205331	1.171543907	28	NA	0.423964876	307025.8442	5.97	6	0.987903226	NA	NA	NA	NA
USFT2C	1120	0.167536782	4.780957076	0.065520246	0.836918589	2.524472831	1.243983212	28	NA	0.267413366	307025.8442	3.1	4.405	0.986574586	0.912350598	0.994813278	0	0.657894737
USFT4C	1066	0.12771563	4.232505685	0.110006665	0.735843503	2.286643443	1.158066592	25	7.1	0.12945019	307025.8442	2	12	0.990517241	NA	0.925373134	NA	0.974468085
USFT5C	1057	0.083495301	4.390928717	0.073282437	0.744683342	2.289588401	1.298690828	26	7.3	0.200793651	307025.8442	1.5	14.62	NA	NA	NA	NA	NA
USHI1C	1123	0.232777238	3.102891069	-0.010722834	0.415035812	1.688004268	0.900166711	26	6.65	NA	993693	1.35	10	NA	NA	NA	NA	NA
USHI4C	1091	0.075958718	5.797049354	0.039544196	0.786137448	3.412297981	1.549977646	26	NA	0.540230065	993693	2	6.5	0.965406562	NA	NA	NA	NA
USHS3A	1097	0.092108183	4.430195297	0.052279941	0.788336462	2.588560531	0.994793861	27	6	0.021954545	6448841	4	NA	0.937888199	NA	0.982421875	NA	NA
USHS3B	1111	0.080640717	4.342945901	0.089157955	0.768119875	2.531060693	0.983089676	27	6	0.021954545	6448841	4	NA	0.937888199	NA	0.982421875	NA	NA
USHS3C	1111	0.062886974	4.469970073	0.052378325	0.826504459	2.588309636	0.99317071	27	6	0.021954545	6448841	4	NA	0.937888199	NA	0.982421875	NA	NA
USJC1O	1239	0.030358162	3.616805247	0.097843838	0.59498505	1.999279755	0.970885836	21	6.5	0.014196165	218444.4214	0.79	25	0.994805195	NA	0.991452991	0.521126761	0.608888889
USJC2O	1220	0.064957974	3.549686805	0.10977283	0.58556834	1.976891792	0.939230505	21	6.5	0.009605788	218444.4214	0.54	25	0.994805195	NA	0.991452991	0.521126761	0.608888889
USKN1AA	1190	0.080281703	4.217619739	0.014864508	0.716652098	2.288304547	1.141223111	26	7.2	0.075547523	857933	4.69	14.1	0.911764706	NA	0.940449438	NA	NA
USKN1AB	1059	0.128894921	4.298387573	0.079332966	0.729068474	2.233606901	1.279964445	26	7.2	0.075547523	857933	4.69	14.1	0.911764706	NA	0.940449438	NA	NA
USKN1AC	1165	0.182949229	3.044538589	-0.016760524	0.401402612	1.61600041	0.934880698	26	7.2	0.075547523	857933	4.69	14.1	0.911764706	NA	0.940449438	NA	NA
USKP1O	1057	0.044597224	5.320068943	0.059163658	0.742009632	3.114831158	1.419363156	23	6.9	0.391269841	338823.6686	1	8	0.853448276	NA	0.8125	0.6	0.638888889
USKP2O	1095	0.041494344	5.215055707	0.050448724	0.709450087	3.05890802	1.405185038	23	6.9	0.586904762	338823.6686	1	8	0.853448276	NA	0.8125	0.6	0.638888889
USMD1C	1137	0.087471157	4.79878911	0.062748222	0.847476586	2.801800027	1.080755893	22	4.19	0.171858752	6056296	NA	9	0.945	NA	NA	0.251174557	0.802608696
USMD2C	1166	0.10337088	4.374311788	0.060376228	0.764945174	2.564647177	0.977098926	22	6.19	0.215925099	6056296	NA	9	0.945	NA	NA	0.251174557	0.802608696
USMD3C	1106	0.024056273	4.445351683	0.056196637	0.798927801	2.615256529	0.976633872	22	6.06	0.255184207	6056296	NA	9	0.945	NA	NA	0.251174557	0.802608696
USMD4C	1122	0.095164274	3.654017795	-0.035878995	0.626863701	1.845060545	1.088885238	22	6.17	0.24767879	6056296	NA	9	0.945	NA	NA	0.251174557	0.802608696
USMI1C	1335	0.111657873	4.045932661	0.042849896	0.684054614	2.118006708	1.167538948	21	7	0.566396954	383354.943	2	10	0.981764706	NA	NA	NA	NA
USMI4C	1190	0.079322679	3.502868055	0.041687262	0.548194288	1.948159255	0.941844321	21	7.7	0.04542634	383354.943	7.5	30	0.989351852	NA	NA	NA	NA
USNO1C	1172	0.110337233	3.730937115	0.01353275	0.534372409	1.986383834	1.101763158	NA	6.94	0.199930691	1341308	2.78	10	0.98	NA	0.969230769	NA	NA
USNO2C	1308	0.05440238	3.059714634	0.052538587	0.516880738	1.651315249	0.844823054	NA	7.37	0.011062491	1341308	0.44	65	0.972413793	NA	NA	NA	NA
USNO2D11	867	0.010994377	2.687926195	0.110961353	0.443328614	1.473039281	0.730031618	NA	7.46	0.009926194	1341308	0.23	65	0.972413793	NA	NA	NA	NA
USNO2D12	989	0.050294104	2.655726255	0.053202882	0.443398256	1.435468184	0.740086017	NA	7.46	0.009926194	1341308	0.23	65	0.972413793	NA	NA	NA	NA
USNO2D13	888	0.039982268	2.756735813	0.069564419	0.470556072	1.46426008	0.774294983	NA	7.46	0.009926194	1341308	0.23	65	0.972413793	NA	NA	NA	NA
USOK01C1	872	0.291030095	3.706388222	0.053746673	0.587858273	1.874994535	1.05774324	NA	7.27	0.035062366	1341308	0.6	17.5	0.974526453	NA	0.962389381	NA	NA
USOK03A1	740	0.057501835	3.555156089	0.115574107	0.645003515	1.947671913	0.845740699	NA	7.29	0.052864766	1341308	0.65	24	0.994444444	NA	0.999196787	NA	NA
USOK05C	1160	0.142930422	4.944431019	0.098694366	0.844768604	2.74070349	1.237936235	NA	7.53	0.052530962	1341308	0.5	11	0.975757576	NA	0.938235294	NA	NA
USOK06C	1023	0.054912504	5.764321057	0.110161117	0.989863581	3.246437398	1.441151474	NA	7.03	0.082988238	1341308	3.76	23	0.973714286	NA	NA	NA	NA
USOK11C	1150	0.251047083	4.206682969	0.060684423	0.710071802	2.351465147	1.022757486	NA	7.01	0.136416863	1341308	2.73	17.5	0.98	NA	0.983333333	NA	NA
USOP1AC	1108	0	4.956885083	0.156273805	0.930599869	2.641740882	1.26433585	26	6.7	0.039917018	167400.578	1.37	15	0.991162791	NA	0.985384615	NA	NA
USOP1BC	1014	0.01117233	5.401458169	0.115221708	1.006934822	2.949148244	1.318128494	26	6.7	0.039917018	167400.578	1.37	15	0.991162791	NA	0.985384615	NA	NA
USOP1CC	1002	0.006137326	5.285043127	0.148804669	0.962261699	2.851347148	1.352867885	26	6.7	0.039917018	167400.578	1.37	15	0.991162791	NA	0.985384615	NA	NA
USPT1C	845	0.091669898	2.182116315	-0.196006584	0.157079927	1.542957379	0.383222732	19	NA	0.867581285	2343984	0.7	4	0.965079365	NA	NA	NA	NA
USPT2C	1237	0.136384872	4.595784765	-0.027272322	0.710988647	2.348302202	1.396133515	19	NA	0.875367271	2343984	0.61	4	0.965079365	NA	NA	NA	NA
USPT3C	764	0.066576474	3.287383374	-0.066254629	0.485423041	2.242680725	0.518344258	19	NA	0.795788428	2343984	0.77	4	0.965079365	NA	NA	NA	NA
USPT4C	783	0.078736732	3.06310204	-0.087603466	0.439081552	2.124200757	0.454722652	19	NA	0.945687633	2343984	0.85	4	0.965079365	NA	NA	NA	NA
USRE3C	1199	0.160855617	3.459732859	0.033152971	0.61078885	1.932001646	0.848320234	25	6.9	0.095821033	1244021	0.5	20.7	0.995744681	NA	0.998637602	0.963671128	0.912981455
USRE6C	1217	0.123589301	3.391275286	0.021173566	0.58951418	1.903594394	0.811405165	25	6.8	0.25311828	1244021	1.5	22	0.996962617	NA	0.9990625	0.939958592	0.986
USRE8C	1210	0.189284478	4.289578155	0.024717223	0.737274735	2.248425764	1.167137727	24	7	0.064482096	1244021	0.17	14	0.983054393	NA	0.959065934	NA	0.816876122
USSD2AC	855	0.110504001	4.115935072	0.005544221	0.737848952	2.473759109	0.86076069	23	NA	0.420197852	3250477	1.5	4.7	0.975	NA	0.540178571	NA	0.960655738
USSD2BB	866	0.067407629	4.236633712	0.007131202	0.784153202	2.555504262	0.856029995	23	NA	0.404745031	3250477	1.25	4.7	0.975	NA	0.540178571	NA	0.960655738
USSD2BC	864	0.083537449	4.258359874	0.01858607	0.790044741	2.552079708	0.874606966	23	NA	0.404745031	3250477	1.25	4.7	0.975	NA	0.540178571	NA	0.960655738
USSF3C	816	0.027351898	3.07851945	0.010930901	0.402442123	1.795711625	0.856083205	20	7.11	0.7086	4572807	1	6.6	0.985279188	0.96023166	NA	NA	NA
USSF4C	1120	0.074640929	3.036929205	0.047192756	0.590849028	1.606338942	0.783595328	21	6.5	0.319615385	4572807	4.2	17	0.990685921	NA	NA	NA	NA
USTE3A	1052	0.072613309	4.945973058	0.112500025	0.683822725	2.824379897	1.343488754	31	7.2	0.273805902	4459692	1.6	18	0.975	NA	NA	NA	NA
USTE3B	1085	0.086762169	4.673581854	0.133613574	0.70912381	2.577986331	1.302385077	31	7.2	0.273805902	4459692	1.6	18	0.975	NA	NA	NA	NA
USTE3C	1110	0.094559085	4.686600315	0.107037677	0.721897609	2.606353425	1.268433163	31	7.2	0.273805902	4459692	1.6	18	0.975	NA	NA	NA	NA
USTF1AC	1152	0.165399172	4.234055468	0.101752672	0.745504372	2.395099027	0.985186154	28	7.05	0.049994243	880248	3.2	19.6	0.988023952	NA	0.998253275	NA	0.496969697
USTF1BC	1188	0.134634766	4.292664668	0.085387715	0.745758012	2.417297834	1.029314147	28	7.05	0.049994243	880248	3.2	19.6	0.988023952	NA	0.998253275	NA	0.496969697
USTF1CC	1290	0.127023337	4.601770989	0.094447347	0.807708386	2.566625371	1.121681484	28	7.06	0.046991342	880248	3.5	19.6	0.988023952	NA	0.998253275	NA	0.496969697
USTF1DC	1248	0.147665968	4.559659037	0.094492931	0.789392664	2.565440391	1.095892777	28	7.06	0.046991342	880248	3.5	19.6	0.988023952	NA	0.998253275	NA	0.496969697
USVA2C	1135	0.149571948	4.754113565	0.068862506	0.761589331	2.544306485	1.268764624	23	6.52	0.426469235	1716481	2.68	6.9	0.95	0.880368098	0.849473684	NA	0.75
USVA3C	934	0.076182134	4.916405129	-0.007021408	0.579496613	3.297849888	0.898958723	23	6.75	0.338574399	1716481	5.54	1.9	0.928571429	NA	NA	NA	NA
USVA5C	1037	0.09537698	3.796534401	-0.014436265	0.606099735	2.21649297	0.903229952	21	6.87	0.166999667	1716481	0.46	16.7	0.968911917	NA	NA	0.813172043	0.826027397
USVA6C	1134	0.359326336	3.964489465	0.011110935	0.471075746	2.418593018	0.939767637	22	6.81	0.250282839	1716481	1.38	9.1	0.957446809	NA	0.966666667	0	0.908108108
USVA8C	1039	0.148536493	3.842883876	0.073637807	0.599421872	2.43319276	0.745034405	24	6.52	0.237621289	1716481	1.62	7.8	0.987804878	0.95505618	0.930357143	0.742903226	0.92244898
USVA9C	1200	0.088586612	3.885441704	0.041394572	0.397097993	2.55886041	0.823451987	24	7.06	0.257088884	1716481	2.87	7.9	0.993197279	NA	NA	0.765806452	0.808955224
USVD1AC	1145	0.065475894	2.928925636	0.074478789	0.597425693	1.574266114	0.695491301	28	NA	0.051556608	10670	4.6	30	0.981135135	NA	0.968526466	NA	NA
USVD1BC	1120	0.02037888	1.56825877	0.001512291	0.367083222	0.696513915	0.480786662	28	NA	0.051556608	10670	4.6	30	0.981135135	NA	0.968526466	NA	NA
USVD1CC	1066	0.077383975	2.995202474	0.085935941	0.567726503	1.625073614	0.734240344	28	NA	0.051556608	10670	4.6	30	0.981135135	NA	0.968526466	NA	NA
USVD1DC	1188	0.088302839	2.41299485	-0.037619253	0.413673852	1.186461763	0.776493524	28	NA	0.051556608	10670	4.6	30	0.981135135	NA	0.968526466	NA	NA
USWR1AC	1303	0.319047129	4.117483301	0.030997013	0.76570425	1.999887832	1.17994139	27	6.49	0.158771456	205176.9613	4.9	6	0.891891892	NA	0.949557522	NA	0.346666667
USWR1BC	1276	0.243092872	4.089640774	0.023138809	0.740285649	1.954685997	1.210762386	27	6.42	0.14786029	205176.9613	1.4	6	0.891891892	NA	0.949557522	NA	0.346666667
USWR2AC	1254	0.264166959	3.747661124	0.039167283	0.680044395	1.983029141	0.966306888	27	6.73	0.258655462	205176.9613	6.2	NA	0.940740741	NA	0.986231884	NA	NA
USWR2BC	1215	0.300548269	3.584690141	0.052816234	0.649110385	1.885412008	0.948547464	27	6.73	0.258655462	205176.9613	6.2	NA	0.940740741	NA	0.986231884	NA	NA
UYUC05	1372	0.101988219	4.560799246	0.098646016	0.692956705	2.472492322	1.342201085	21	6.3	NA	3432000	2.58	NA	NA	NA	NA	NA	NA
UYUC06	1428	0.101181096	4.833873827	0.07904836	0.746890455	2.673274151	1.360852361	21	6.3	NA	3432000	2.58	NA	NA	NA	NA	NA	NA
UYUM08	878	0.190272783	3.14539851	-0.032935352	0.439968601	1.64794659	0.976323384	21	7.4	NA	3432000	3.1	15	NA	NA	NA	NA	NA
